0.140819 88
2.397777 1
0.199878 1
0.295075 2
0.001389 8
0.015335 88
1.332428 1
0.082190 1
0.124983 1
0.359062 1
0.329329 1
0.217696 1
0.762096 1
0.256315 4
1.383597 2
0.215573 50
0.001153 7
0.001999 43
0.000074 10
0.030763 4
0.000151 16
0.011756 2029
0.000321 546
0.000602 12
3.585308 85
0.192922 74
0.016311 73
0.016203 74
0.016238 73
0.017594 109
0.016302 94
0.015494 73
0.016205 76
0.015488 74
0.016174 75
0.016212 74
0.016188 75
0.016321 74
0.016211 74
0.016360 75
1.168252 74
0.423474 75
0.194791 75
0.922536 34
0.322706 1
0.001086 12
0.103657 1
0.001063 12
1.367097 1
0.000017 14
0.000047 8
0.005329 18
0.007901 49
0.018754 88
1.456027 1
0.194970 1
0.158678 1
0.342484 1
0.563396 1
1.210715 1
0.169433 1
0.850554 1
0.102700 1
0.264232 1
0.159167 4
0.907835 1
0.296145 1
0.255454 1
0.302955 1
0.067830 1
0.190955 1
0.087221 1
1.188940 2
0.054651 88
2.064426 1
0.064267 1
0.584786 1
0.100448 1
0.218917 1
0.104170 2
0.235348 2
0.000875 36
0.015560 88
1.656796 1
0.084160 1
0.103291 1
0.204572 1
0.303724 1
0.098854 1
0.303842 1
0.085901 1
0.000020 1
0.580871 1
0.186059 2
0.704563 2
0.202121 50
0.001262 7
0.001970 43
0.000055 10
0.033476 4
0.000197 16
0.011737 2029
0.000232 546
0.000646 12
0.931633 85
0.198487 74
0.016126 73
0.016171 74
0.016126 73
0.017486 109
0.015272 94
0.015495 73
0.016178 76
0.016166 74
0.016180 75
0.016322 74
0.016104 75
0.016210 74
0.016128 74
0.016176 75
0.016210 74
0.016248 75
0.016140 75
1.203290 404
0.000630 13
0.815945 62
0.928365 34
1.635274 16
0.000787 13
0.001019 29
0.019541 575
0.740318 53
2.363146 78
0.714427 30
0.259537 54
0.144379 64
1.036539 62
3.395096 63
0.271655 62
0.236837 62
0.112655 62
0.227381 62
0.136940 62
0.434822 62
0.111911 62
0.246019 62
0.267759 62
0.197878 63
0.109052 62
0.125234 62
1.146872 62
0.299229 62
0.867719 21
0.369698 6
0.031334 615
0.159127 13
0.098612 1
0.001030 12
0.322473 1
0.000014 14
0.000055 8
0.007363 18
0.010374 49
0.017817 88
1.230310 11
0.198319 21
0.327888 28
0.934090 2
0.059398 88
0.755522 1
0.062200 1
0.443664 1
0.100046 1
0.235807 1
0.108022 1
0.545301 2
0.000934 120
0.000100 30
0.000036 56
0.000004 3
0.000024 59
0.000025 61
0.000004 17
0.000003 15
0.000021 73
0.000005 17
0.000003 45
0.000031 883
0.000004 151
0.000016 650
0.000004 386
0.000009 209
0.121111 23
0.019685 132
3.317272 1
0.310654 1
0.467322 1
0.144568 1
0.333346 1
0.094788 1
0.827524 2
0.021224 132
3.937772 1
0.091966 1
0.061826 1
0.342317 1
0.685573 1
0.141092 1
1.747643 4
0.154314 4
0.299320 1
0.095133 1
0.193587 1
0.099582 1
0.000017 1
0.852235 1
0.160347 2
1.040665 2
0.214329 50
0.001173 7
0.001979 43
0.000058 10
0.036176 4
0.000161 16
0.011875 2033
0.000308 520
0.000726 12
0.946832 33
0.352565 1
0.001031 12
0.221540 1
0.001078 12
0.255299 1
0.001087 12
0.937669 3
0.000823 16
0.001050 6
2.122557 1
0.000188 6
0.000512 8
0.001106 16
0.002095 8
0.000026 8
0.003087 8
0.000021 8
0.004098 8
0.000017 8
0.005099 8
0.000020 8
0.006121 8
0.000015 8
0.007106 8
0.000022 8
0.008086 8
0.000020 8
0.009089 16
0.010092 8
0.000087 8
0.010054 8
0.000018 8
0.010096 8
0.000225 52
0.000591 104
0.057892 1
0.001328 34
0.027202 1770
0.002024 13
0.086818 1337
0.084996 12
0.084876 12
0.084897 12
0.084907 12
0.084961 12
0.085709 12
0.085714 12
0.086179 12
0.083997 12
0.084969 12
0.085616 12
0.086805 12
0.084924 12
0.085531 12
0.085002 12
0.084883 12
0.084937 12
0.085018 12
0.085095 12
0.084960 12
0.060669 673
0.001973 6
0.022879 1563
0.084950 12
0.084982 12
0.084919 12
0.086196 12
0.085282 12
0.084918 12
0.084927 12
0.084897 12
0.084886 12
0.084963 12
0.085986 12
0.084048 12
0.085813 12
0.084992 12
0.084859 12
0.085071 12
0.084891 12
0.084970 12
0.084971 12
0.086080 12
0.085295 12
0.085325 12
0.084081 12
0.084934 12
0.085004 12
0.136160 347
0.004179 140
0.080678 344
0.004276 48
0.054740 344
0.004204 45
0.043475 344
0.004106 61
0.067120 344
0.004218 87
0.153100 12
0.085016 12
0.069914 344
0.005736 45
0.029649 344
0.004401 73
0.031422 344
0.004283 46
0.091500 344
0.004204 144
0.332619 12
0.084863 12
0.117775 12
0.084983 12
0.084870 12
0.085029 12
0.084967 12
0.084127 12
0.085254 12
0.086313 12
0.084911 12
0.085019 12
0.084973 12
0.084916 12
0.084903 12
0.085086 12
0.084987 12
0.085951 12
0.085900 12
0.086033 12
0.086594 12
0.094814 672
0.001792 6
0.029259 651
0.086563 12
0.077412 672
0.001578 6
0.023237 651
0.050204 672
0.001512 6
0.023463 652
0.085845 12
0.056828 673
0.001602 6
0.030366 652
0.086408 12
0.086953 12
0.085147 12
0.015351 673
0.001648 6
0.022728 651
0.085021 12
0.084916 12
0.084888 12
0.084982 12
0.084916 12
0.085007 12
0.084939 12
0.033440 673
0.001647 6
0.023408 652
0.086238 12
0.033420 673
0.001823 6
0.038551 652
0.085095 12
0.085017 12
0.026484 673
0.001609 6
0.023907 652
0.084984 12
0.016957 673
0.001553 6
0.022822 652
0.084939 12
0.084957 12
0.086133 12
0.086789 12
0.085301 12
0.084978 12
0.085001 12
0.056533 673
0.002765 6
0.022860 916
0.085007 12
0.084966 12
0.084980 12
0.086032 12
0.085792 12
0.086918 12
0.085358 12
0.085341 12
0.085373 12
0.084815 12
0.084931 12
0.086709 12
0.086891 12
0.084963 12
0.086026 12
0.086811 12
0.086851 12
0.084953 12
0.085354 12
0.085400 12
0.087141 12
0.086663 12
0.085567 12
0.084898 12
0.086008 12
0.084155 12
0.084939 12
0.085046 12
0.085276 12
0.085222 12
0.085331 12
0.085192 12
0.085254 12
0.086821 12
0.085881 12
0.085451 12
0.084097 12
0.085935 12
0.084853 12
0.084984 12
0.084950 12
0.084876 12
0.091195 672
0.001569 6
0.026336 651
0.087171 12
0.027032 672
0.001537 6
0.022964 651
0.085658 12
0.085678 12
0.085674 12
0.041505 672
0.001660 6
0.036444 652
0.084934 12
0.034715 673
0.001572 6
0.022867 652
0.030609 673
0.001514 6
0.023453 652
0.084934 12
0.086092 12
0.086807 12
0.086826 12
0.085360 12
0.085589 12
0.084915 12
0.084840 12
0.084955 12
0.084023 12
0.084977 12
0.084887 12
0.084990 12
0.085428 12
0.086909 12
0.085267 12
0.086787 12
0.086735 12
0.086975 12
0.086764 12
0.084105 12
0.084976 12
0.076685 673
0.002045 6
0.024927 912
0.084936 12
0.120712 2047
0.000635 459
0.004405 19
0.001464 6
0.021711 655
0.084989 12
0.085981 12
0.084936 12
0.086038 12
0.084964 12
0.084885 12
0.084060 12
0.084927 12
0.084865 12
0.085528 12
0.087067 12
0.086568 12
0.086720 12
0.086786 12
0.086498 12
0.085581 12
0.085006 12
0.085787 12
0.084089 12
0.085798 12
0.085956 12
0.084936 12
0.084989 12
0.084959 12
0.086378 12
0.084925 12
0.084909 12
0.086235 12
0.086461 12
0.084113 12
0.085683 12
0.085611 12
0.085034 12
0.086152 12
0.086039 12
0.086773 12
0.086840 12
0.085257 12
0.086828 12
0.085340 12
0.086828 12
0.084373 12
0.084950 12
0.086097 12
0.084937 12
0.084967 12
0.085004 12
0.086618 12
0.084864 12
0.084907 12
0.086745 12
0.086732 12
0.087205 12
0.084487 12
0.086735 12
0.086627 12
0.086750 12
0.085349 12
0.085403 12
0.085287 12
0.085271 12
0.085293 12
0.085257 12
0.086884 12
0.084203 12
0.056209 672
0.001585 6
0.029093 651
0.086394 12
0.084876 672
0.001496 6
0.023925 651
0.059182 672
0.001540 6
0.024311 652
0.085103 12
0.066766 673
0.001581 6
0.024117 652
0.085700 12
0.084891 12
0.085813 12
0.084974 12
0.084965 12
0.084794 12
0.086028 12
0.086388 12
0.084848 12
0.085307 12
0.085380 12
0.085819 12
0.085360 12
0.085352 12
0.085345 12
0.085356 12
0.084109 12
0.085023 12
0.086318 12
0.086266 12
0.085064 12
0.085871 12
0.084885 12
0.084968 12
0.084933 12
0.097908 673
0.009545 642
0.002543 19
0.001442 6
0.022279 655
0.084983 12
0.084966 12
0.086685 12
0.085019 12
0.084884 12
0.085687 12
0.086976 12
0.086754 12
0.085284 12
0.086878 12
0.085252 12
0.086661 12
0.085230 12
0.085963 12
0.085027 12
0.024381 672
0.001452 6
0.023882 651
0.085332 12
0.067009 672
0.001623 6
0.024613 651
0.085023 12
0.084934 12
0.075088 672
0.001581 6
0.025243 652
0.085013 12
0.018623 673
0.001606 6
0.024854 652
0.062093 673
0.001641 6
0.024022 652
0.086147 12
0.084150 12
0.085122 12
0.084967 12
0.084946 12
0.084933 12
0.085083 12
0.016587 673
0.001666 6
0.024412 651
0.085041 12
0.084965 12
0.084962 12
0.041222 673
0.001693 6
0.024083 652
0.085031 12
0.084918 12
0.084089 12
0.084940 12
0.084951 12
0.085068 12
0.099563 685
0.002212 6
0.024456 824
0.084869 12
0.084997 12
0.084990 12
0.085029 12
0.085009 12
0.085073 12
0.085177 12
0.085016 12
0.084890 12
0.085039 12
0.085375 12
0.085262 12
0.085257 12
0.085423 12
0.086857 12
0.085547 12
0.086817 12
0.085330 12
0.084045 12
0.086197 12
0.086061 12
0.085307 12
0.086692 12
0.086847 12
0.086518 12
0.085230 12
0.084997 12
0.084973 12
0.085409 12
0.084945 12
0.084044 12
0.095901 672
0.001662 6
0.024558 658
0.085005 12
0.085003 12
0.043842 673
0.001620 6
0.024798 679
0.085006 12
0.084927 12
0.084936 12
0.084989 12
0.084911 12
0.086850 12
0.084746 12
0.085426 12
0.086909 12
0.085283 12
0.091110 673
0.008576 524
0.002320 19
0.001439 6
0.023753 655
0.085046 12
0.084962 12
0.084950 12
0.084935 12
0.084968 12
0.086703 12
0.085783 672
0.001680 6
0.025357 655
0.084907 12
0.074990 673
0.001691 6
0.024658 662
0.086014 12
0.085922 12
0.085906 12
0.085321 12
0.085329 12
0.021075 673
0.002202 6
0.024631 783
0.084981 12
0.085334 12
0.084879 12
0.084123 12
0.084994 12
0.085706 12
0.086012 12
0.085288 12
0.085754 12
0.086789 12
0.085257 12
0.084918 12
0.084961 12
0.084996 12
0.084911 12
0.084837 12
0.085691 12
0.059450 672
0.001677 6
0.024560 651
0.085033 12
0.047931 672
0.001578 6
0.024546 651
0.085096 12
0.083093 672
0.001730 6
0.031115 652
0.090711 673
0.001728 6
0.027713 652
0.021703 673
0.001644 6
0.024015 652
0.085035 12
0.090475 673
0.001565 6
0.024949 652
0.084861 12
0.074997 673
0.001605 6
0.024642 652
0.085012 12
0.085222 12
0.086023 12
0.047796 673
0.001839 6
0.025022 651
0.084949 12
0.084980 12
0.024745 673
0.001659 6
0.024750 652
0.085709 12
0.084986 12
0.085016 12
0.084094 12
0.086162 12
0.084950 12
0.084904 12
0.084988 12
0.086094 12
0.084919 12
0.085650 12
0.084964 12
0.085042 12
0.085703 12
0.085001 12
0.084045 12
0.085859 12
0.086771 12
0.086415 12
0.086490 12
0.085040 12
0.086031 12
0.073659 673
0.002271 6
0.031674 760
0.084977 12
0.084987 12
0.085072 12
0.084121 12
0.084935 12
0.084907 12
0.084957 12
0.085018 12
0.084882 12
0.084994 12
0.085025 12
0.086095 12
0.084966 12
0.085053 12
0.085016 12
0.084145 12
0.085750 12
0.086563 12
0.084925 12
0.084957 12
0.085009 12
0.086696 12
0.084870 12
0.084917 12
0.093813 672
0.001704 6
0.023985 651
0.084999 12
0.085186 12
0.033811 672
0.001721 6
0.024168 651
0.085040 12
0.084894 12
0.065723 672
0.001823 6
0.037555 652
0.085713 12
0.085108 12
0.027134 673
0.001608 6
0.024375 652
0.085772 12
0.086158 12
0.086741 12
0.086786 12
0.084149 12
0.085749 12
0.084972 12
0.084955 12
0.036616 673
0.009369 512
0.002222 19
0.001457 6
0.025927 655
0.085030 12
0.084948 12
0.085035 12
0.084942 12
0.084917 12
0.086026 12
0.086290 12
0.084105 12
0.085522 12
0.085716 12
0.085916 12
0.086626 12
0.084898 12
0.085282 12
0.086872 12
0.085277 12
0.086305 12
0.085293 12
0.086956 12
0.084053 12
0.084824 12
0.037131 672
0.008957 531
0.002257 19
0.001440 6
0.023815 655
0.084906 12
0.085632 12
0.085546 12
0.084985 12
0.084963 12
0.084981 12
0.084918 12
0.085001 12
0.084918 12
0.085099 12
0.084916 12
0.085768 12
0.084954 12
0.084963 12
0.086907 12
0.085461 12
0.084884 12
0.085037 12
0.084952 12
0.084986 12
0.084080 12
0.084918 12
0.084967 12
0.086077 12
0.084929 12
0.084886 12
0.084951 12
0.086284 12
0.086440 12
0.084902 12
0.085249 12
0.085882 12
0.086055 12
0.084961 12
0.084983 12
0.084940 12
0.085275 12
0.085361 12
0.086772 12
0.085295 12
0.086605 12
0.085196 12
0.075532 672
0.001577 6
0.024552 651
0.085065 12
0.085787 672
0.001655 6
0.024653 651
0.084988 12
0.084958 12
0.024262 672
0.001686 6
0.026045 652
0.079352 673
0.001557 6
0.024856 652
0.085093 12
0.073749 673
0.001782 6
0.039502 652
0.086172 12
0.032268 673
0.001597 6
0.024801 651
0.086777 12
0.085944 12
0.027524 673
0.001647 6
0.031419 652
0.086476 12
0.086634 12
0.085305 12
0.072850 673
0.001589 6
0.031597 652
0.104961 673
0.001528 6
0.031773 652
0.085031 12
0.085767 12
0.084999 12
0.086752 12
0.085053 673
0.001701 6
0.026809 652
0.081013 673
0.001697 6
0.024546 652
0.085899 12
0.085330 12
0.085208 12
0.085560 12
0.085292 12
0.086752 12
0.086645 12
0.084969 12
0.022851 673
0.001521 6
0.025011 652
0.084938 12
0.021643 673
0.001552 6
0.024835 652
0.084183 12
0.029857 673
0.001472 6
0.024283 679
0.084961 12
0.084964 12
0.085025 12
0.084888 12
0.086156 12
0.086590 12
0.086806 12
0.085382 12
0.084912 12
0.022318 673
0.002156 6
0.023942 768
0.084931 12
0.085297 12
0.085351 12
0.085402 12
0.084976 12
0.086106 12
0.084951 12
0.084997 12
0.085798 12
0.085313 12
0.085319 12
0.085463 12
0.086090 12
0.085848 12
0.084911 12
0.085004 12
0.084971 12
0.085938 12
0.084911 12
0.086602 12
0.085852 12
0.086723 12
0.084939 12
0.085367 12
0.084254 12
0.084886 12
0.084963 12
0.084868 12
0.043690 669
0.001514 6
0.024020 651
0.084952 12
0.076374 672
0.001564 6
0.024121 651
0.084988 12
0.035329 672
0.001568 6
0.024070 652
0.085023 12
0.071896 673
0.001652 6
0.024124 652
0.055734 673
0.001676 6
0.024164 652
0.098621 673
0.001570 6
0.024535 652
0.084915 12
0.086663 12
0.060641 673
0.001619 6
0.030408 652
0.086996 12
0.072962 673
0.001603 6
0.024589 651
0.085036 12
0.084881 12
0.057233 673
0.001666 6
0.024536 652
0.080571 673
0.001643 6
0.024700 652
0.084960 12
0.033870 673
0.001719 6
0.024123 652
0.085868 12
0.085588 12
0.086355 12
0.084922 12
0.102574 673
0.001696 6
0.032247 652
0.086830 673
0.001664 6
0.024377 652
0.085074 12
0.085028 12
0.084927 12
0.084953 12
0.084142 12
0.085026 12
0.084987 12
0.046804 673
0.001657 6
0.025010 652
0.085049 12
0.044304 673
0.001693 6
0.024432 652
0.101163 673
0.001594 6
0.024498 679
0.085020 12
0.086637 12
0.085280 12
0.084937 12
0.084303 12
0.085135 12
0.084975 12
0.084996 12
0.085068 12
0.084920 12
0.086043 12
0.086525 12
0.115461 685
0.002166 6
0.031585 790
0.084996 12
0.084994 12
0.084923 12
0.084991 12
0.085558 12
0.085770 12
0.086743 12
0.085274 12
0.084977 12
0.085814 12
0.086714 12
0.086985 12
0.085222 12
0.086623 12
0.084397 12
0.084966 12
0.084994 12
0.085978 12
0.085528 12
0.086802 12
0.042438 669
0.001663 6
0.031431 651
0.086514 12
0.086720 12
0.085015 12
0.084910 12
0.086644 672
0.009583 552
0.002219 19
0.001355 6
0.021713 655
0.084993 12
0.084977 12
0.084939 12
0.084963 12
0.084954 12
0.084934 12
0.084984 12
0.084945 12
0.084825 12
0.084927 12
0.085049 12
0.084128 12
0.086088 12
0.086707 12
0.086428 12
0.085257 12
0.085289 12
0.085345 12
0.086736 12
0.085337 12
0.085228 12
0.084944 12
0.084905 12
0.023426 672
0.008906 550
0.002111 19
0.001380 6
0.021817 655
0.085951 12
0.085945 12
0.085888 12
0.084908 12
0.085617 12
0.086375 12
0.085288 12
0.085323 12
0.085023 12
0.085264 12
0.085266 12
0.084428 12
0.084930 12
0.084938 12
0.086047 12
0.086172 12
0.086708 12
0.084948 12
0.086664 12
0.085230 12
0.086755 12
0.085124 12
0.085419 12
0.084357 12
0.086468 12
0.085325 12
0.085019 12
0.086366 12
0.084910 12
0.086000 12
0.086132 12
0.085350 12
0.085689 12
0.085093 12
0.084804 12
0.086521 12
0.084869 12
0.085295 12
0.085312 12
0.085187 12
0.052447 672
0.009085 488
0.002289 19
0.001454 6
0.023191 655
0.084921 12
0.084932 12
0.084927 12
0.084993 12
0.085102 12
0.084690 12
0.085678 12
0.085340 12
0.085275 12
0.086745 12
0.085308 12
0.085330 12
0.085382 12
0.084995 12
0.085434 12
0.085350 12
0.085316 12
0.084062 12
0.084961 12
0.084976 12
0.085715 12
0.085436 12
0.096253 672
0.008706 1672
0.002157 19
0.001392 6
0.022142 655
0.085072 12
0.086212 12
0.086834 12
0.085314 12
0.084895 12
0.084180 12
0.084884 12
0.084975 12
0.084917 12
0.085163 12
0.085314 12
0.086048 12
0.084973 12
0.085737 12
0.084935 12
0.084983 12
0.084906 12
0.085792 12
0.084957 12
0.085069 12
0.084917 12
0.084916 12
0.085034 12
0.084895 12
0.084890 12
0.084996 12
0.084931 12
0.085013 12
0.084832 12
0.085670 12
0.084940 12
0.085911 12
0.084938 12
0.084857 12
0.085566 12
0.085335 12
0.085243 12
0.085256 12
0.085341 12
0.085277 12
0.084483 12
0.084940 12
0.086518 12
0.086849 12
0.085271 12
0.081369 672
0.009150 1478
0.002209 19
0.001478 6
0.027191 655
0.084888 12
0.084888 12
0.084876 12
0.085000 12
0.084957 12
0.085746 12
0.085001 12
0.085021 12
0.084999 12
0.085990 12
0.084933 12
0.084954 12
0.084981 12
0.084970 12
0.084996 12
0.085033 12
0.084986 12
0.084145 12
0.085411 12
0.085030 12
0.084943 12
0.084922 12
0.086743 12
0.086625 12
0.085303 12
0.085255 12
0.085343 12
0.033234 672
0.001537 6
0.024648 724
0.104843 1962
0.004531 19
0.001598 6
0.022055 655
0.084181 12
0.084994 12
0.085083 12
0.084955 12
0.085951 12
0.084885 12
0.085692 12
0.086798 12
0.086757 12
0.085400 12
0.085011 12
0.084093 12
0.084929 12
0.085901 12
0.085895 12
0.085793 12
0.085897 12
0.085107 12
0.084923 12
0.084995 12
0.084977 12
0.086212 12
0.085296 12
0.084456 12
0.085356 12
0.085260 12
0.085396 12
0.086814 12
0.086758 12
0.085365 12
0.085185 12
0.085408 12
0.084962 12
0.084996 12
0.084914 12
0.084055 12
0.084993 12
0.053725 672
0.008962 1462
0.002291 19
0.001420 6
0.022421 655
0.084985 12
0.085047 12
0.084946 12
0.085002 12
0.086047 12
0.084942 12
0.084944 12
0.084968 12
0.084905 12
0.091962 672
0.001704 6
0.025755 709
0.108837 1957
0.004402 19
0.001500 6
0.027164 655
0.084878 12
0.084868 12
0.086604 12
0.086812 12
0.086815 12
0.085206 12
0.086487 12
0.086616 12
0.084862 12
0.085032 12
0.084900 12
0.085022 12
0.084936 12
0.086308 12
0.086274 12
0.086947 12
0.085407 12
0.085631 12
0.086374 12
0.084903 12
0.083981 12
0.085661 12
0.085736 12
0.086659 12
0.086807 12
0.085305 12
0.084969 12
0.084877 12
0.100431 684
0.008529 1474
0.002291 19
0.001443 6
0.026997 655
0.084936 12
0.085068 12
0.084370 12
0.085049 12
0.086032 12
0.086766 12
0.086684 12
0.085296 12
0.085027 12
0.085719 12
0.085390 12
0.104962 672
0.001624 6
0.028329 733
0.104829 1957
0.004356 19
0.001586 6
0.027784 655
0.085008 12
0.084862 12
0.086099 12
0.085971 12
0.086072 12
0.084910 12
0.084861 12
0.084926 12
0.084947 12
0.084930 12
0.084973 12
0.108197 684
0.008563 1711
0.002422 19
0.001529 6
0.021750 655
0.085020 12
0.084953 12
0.084980 12
0.086054 12
0.085252 12
0.085795 12
0.085013 12
0.086777 12
0.086863 12
0.086504 12
0.084172 12
0.084956 12
0.085018 12
0.085881 12
0.084943 12
0.085631 12
0.084955 12
0.085948 12
0.084975 12
0.084986 12
0.085786 12
0.084983 12
0.034229 672
0.001563 6
0.023674 651
0.085023 12
0.084987 12
0.086835 12
0.086948 12
0.085188 12
0.086812 12
0.085395 12
0.085194 12
0.106673 672
0.001654 6
0.024615 736
0.104702 1697
0.004131 19
0.001535 6
0.025680 655
0.084824 12
0.085907 12
0.085494 12
0.085369 12
0.085475 12
0.086464 12
0.085191 12
0.085367 12
0.085285 12
0.084917 12
0.086029 12
0.084277 12
0.084959 12
0.084910 12
0.085019 12
0.054756 672
0.001468 6
0.023950 651
0.085695 12
0.085565 12
0.084910 12
0.084911 12
0.085024 12
0.085316 12
0.086580 12
0.084472 12
0.084983 12
0.085774 12
0.085948 12
0.084919 12
0.085091 12
0.084925 12
0.084949 12
0.084861 12
0.086032 12
0.084917 12
0.085458 12
0.084115 12
0.085572 12
0.085075 12
0.084929 12
0.084871 12
0.084884 12
0.084942 12
0.086213 12
0.084999 12
0.085027 12
0.086158 12
0.084956 12
0.085129 12
0.086554 12
0.086593 12
0.043238 672
0.004826 6
0.025077 835
0.086960 595
0.084990 12
0.085032 12
0.084982 12
0.085731 12
0.084950 12
0.085029 12
0.086346 12
0.085364 12
0.085185 12
0.085133 12
0.086875 12
0.085008 12
0.084961 12
0.084979 12
0.084971 12
0.084988 12
0.086642 12
0.085271 12
0.084119 12
0.066584 672
0.001682 6
0.023682 651
0.085032 12
0.099478 684
0.001651 6
0.024760 651
0.084936 12
0.084952 12
0.095949 672
0.001563 6
0.024274 652
0.085778 12
0.028471 673
0.001516 6
0.023219 652
0.084985 12
0.085591 12
0.084454 12
0.089496 673
0.001533 6
0.023298 652
0.058262 673
0.001526 6
0.023714 652
0.085025 12
0.084917 12
0.086266 12
0.040106 673
0.001586 6
0.024114 652
0.084926 12
0.084875 12
0.084952 12
0.084940 12
0.016450 673
0.001544 6
0.023864 652
0.083648 673
0.001500 6
0.023472 652
0.085015 12
0.084980 12
0.084919 12
0.086120 12
0.085237 12
0.084967 12
0.086173 12
0.086738 12
0.085264 12
0.086851 12
0.086694 12
0.084421 12
0.085285 12
0.085282 12
0.084916 12
0.085892 12
0.074978 673
0.001874 6
0.024028 1012
0.085829 552
0.085930 12
0.085242 12
0.085515 12
0.084924 12
0.085297 12
0.085033 12
0.085913 12
0.084972 12
0.085995 12
0.084921 12
0.084852 12
0.084936 12
0.084853 12
0.084892 12
0.086180 12
0.085326 12
0.084022 12
0.084965 12
0.084990 12
0.084925 12
0.084937 12
0.084953 12
0.085436 12
0.085414 12
0.085235 12
0.096608 12
0.077239 347
0.003905 89
0.067492 344
0.003419 299
0.001597 13
0.055015 344
0.004136 87
0.079941 344
0.003351 267
0.001566 13
0.078790 344
0.003885 50
0.139614 344
0.003366 264
0.001570 13
0.092636 12
0.143762 12
0.155570 12
0.084866 12
0.086690 12
0.086864 12
0.084437 12
0.084928 12
0.084951 12
0.084968 12
0.084992 12
0.084943 12
0.084919 12
0.085009 12
0.084996 12
0.085011 12
0.084984 12
0.086447 12
0.084809 12
0.084922 12
0.084975 12
0.084994 12
0.084957 12
0.084921 12
0.086277 12
0.085146 12
0.086465 12
0.085355 12
0.085337 12
0.084051 12
0.084976 12
0.084948 12
0.085005 12
0.084952 12
0.084986 12
0.086526 12
0.085337 12
0.084983 12
0.085013 12
0.085033 12
0.086020 12
0.084117 12
0.084954 12
0.085028 12
0.093097 669
0.001711 6
0.023059 651
0.040429 672
0.001701 6
0.024428 651
0.085749 12
0.085678 12
0.084948 12
0.017358 672
0.001452 6
0.023073 652
0.084871 12
0.094976 673
0.001757 6
0.040330 652
0.042450 673
0.001612 6
0.027873 652
0.084087 12
0.084980 12
0.084990 12
0.084973 12
0.085148 12
0.085155 12
0.086856 12
0.086627 12
0.086705 12
0.086974 12
0.086816 12
0.085023 12
0.084900 12
0.084969 12
0.084974 12
0.086160 12
0.085930 12
0.084936 12
0.084946 12
0.086053 12
0.085323 12
0.085153 12
0.085351 12
0.056233 673
0.001531 6
0.024063 651
0.085552 12
0.085502 12
0.085124 12
0.085181 12
0.085179 12
0.085189 12
0.085210 12
0.086730 12
0.084880 12
0.084920 12
0.085812 673
0.001548 6
0.024348 652
0.085004 12
0.084973 12
0.084999 12
0.086129 12
0.086062 12
0.086117 12
0.085763 12
0.085766 12
0.086002 12
0.085805 12
0.085878 12
0.084068 12
0.086079 12
0.085208 12
0.086544 12
0.086810 12
0.086649 12
0.084942 12
0.085190 12
0.086893 12
0.084936 12
0.085042 12
0.085014 12
0.084530 12
0.084944 12
0.084954 12
0.104115 673
0.008565 916
0.002376 19
0.001409 6
0.023360 655
0.084944 12
0.086003 12
0.085944 12
0.085721 12
0.084805 12
0.086012 12
0.084903 12
0.084120 12
0.084992 12
0.084919 12
0.086412 12
0.086054 12
0.086205 12
0.084922 12
0.084906 12
0.086860 12
0.086893 12
0.086556 12
0.087717 12
0.085191 12
0.085934 12
0.086022 12
0.084890 12
0.084934 12
0.085001 12
0.086259 12
0.084868 12
0.084963 12
0.085815 12
0.086552 12
0.084243 12
0.085835 12
0.085280 12
0.085344 12
0.085282 12
0.085360 12
0.084968 12
0.084968 12
0.084986 12
0.086170 12
0.084937 12
0.086359 12
0.084435 12
0.084914 12
0.086352 12
0.036336 672
0.001729 6
0.023300 651
0.084932 12
0.084963 12
0.084916 12
0.084895 12
0.084912 12
0.085029 12
0.084889 12
0.073118 672
0.001678 6
0.025234 651
0.095460 672
0.001598 6
0.024190 652
0.085659 12
0.086207 12
0.086748 12
0.085366 12
0.085087 12
0.030607 673
0.001556 6
0.023508 651
0.084956 12
0.084925 12
0.084921 12
0.084957 12
0.084143 12
0.085076 12
0.084998 12
0.085002 12
0.084968 12
0.084889 12
0.086032 12
0.086186 12
0.099729 685
0.001574 6
0.024144 652
0.084946 12
0.035149 673
0.001622 6
0.023853 652
0.086712 12
0.053257 673
0.001541 6
0.024226 652
0.085665 12
0.085728 12
0.084860 12
0.084935 12
0.096084 673
0.001559 6
0.024274 652
0.058091 673
0.001514 6
0.023851 652
0.085045 12
0.084931 12
0.086026 12
0.085962 12
0.085902 12
0.085165 12
0.084969 12
0.085269 12
0.026375 673
0.002026 6
0.023327 1392
0.085762 12
0.084996 12
0.085904 12
0.085067 12
0.084858 12
0.085940 12
0.085068 12
0.084251 12
0.085449 12
0.086782 12
0.085295 12
0.085293 12
0.086860 12
0.085466 12
0.086371 12
0.086027 12
0.085295 12
0.085135 12
0.085133 12
0.084016 12
0.084997 12
0.084962 12
0.085664 12
0.085834 12
0.086808 12
0.086671 12
0.085280 12
0.085401 12
0.085298 12
0.085212 12
0.085226 12
0.085972 12
0.084938 12
0.085330 12
0.085510 12
0.084934 12
0.084980 12
0.084973 12
0.085590 12
0.086610 12
0.086551 12
0.084969 12
0.085624 12
0.084906 12
0.084832 12
0.085032 12
0.085019 12
0.085026 12
0.084924 12
0.084965 12
0.084950 12
0.084955 12
0.084949 12
0.084979 12
0.084234 12
0.084987 12
0.085673 12
0.085672 12
0.085645 12
0.085624 12
0.086798 12
0.085336 12
0.085292 12
0.084965 12
0.084967 12
0.085006 12
0.084219 12
0.084977 12
0.084942 12
0.084932 12
0.084933 12
0.085405 12
0.085339 12
0.085341 12
0.085344 12
0.085365 12
0.085271 12
0.085342 12
0.084105 12
0.085504 12
0.085956 12
0.085313 12
0.086956 12
0.086788 12
0.085218 12
0.085313 12
0.085369 12
0.085142 12
0.086626 12
0.085298 12
0.085467 12
0.085235 12
0.084900 12
0.085779 12
0.085604 12
0.085429 12
0.084995 12
0.085129 12
0.086229 12
0.086271 12
0.086143 12
0.084284 12
0.085627 12
0.094684 672
0.001702 6
0.023336 651
0.051919 672
0.001652 6
0.023217 651
0.084982 12
0.084955 12
0.065833 672
0.001643 6
0.023485 652
0.117674 685
0.001839 6
0.038536 652
0.086336 12
0.086440 12
0.079626 673
0.001792 6
0.026270 1444
0.084939 12
0.084974 12
0.085002 12
0.084980 12
0.085041 12
0.084995 12
0.085115 12
0.084987 12
0.085972 12
0.086780 12
0.085305 12
0.084047 12
0.099022 685
0.001703 6
0.024177 652
0.084923 12
0.084997 12
0.084986 12
0.085991 12
0.086872 12
0.085322 12
0.059875 673
0.003498 1418
0.023635 659
0.085102 12
0.084976 12
0.084127 12
0.084957 12
0.084988 12
0.086106 12
0.085082 12
0.085016 12
0.085009 12
0.085720 12
0.084983 12
0.085807 12
0.084959 12
0.085106 12
0.084126 12
0.085107 12
0.085596 12
0.084982 12
0.085209 12
0.085332 12
0.084927 12
0.085688 12
0.085765 12
0.085754 12
0.086598 12
0.085240 12
0.084129 12
0.085029 12
0.085003 12
0.084953 12
0.084991 12
0.084989 12
0.085011 12
0.084985 12
0.086800 12
0.085303 12
0.087633 12
0.086523 12
0.084159 12
0.085000 12
0.084922 12
0.061644 20
1.001104 6
0.017049 675
0.525123 52
0.040046 969
0.476684 85
2.823283 74
0.961931 1471
1.978469 57
0.029309 983
1.261845 43
0.002776 13
0.462820 8
0.078493 41
0.001754 13
1.466615 7
0.212404 8
0.181858 8
0.865051 8
0.001026 40
0.021308 652
0.085861 12
0.085693 12
0.086930 12
0.086158 12
0.085013 12
0.081521 672
0.001663 6
0.024247 651
0.085019 12
0.084992 12
0.071306 672
0.001624 6
0.024213 651
0.084988 12
0.055058 672
0.001677 6
0.023424 652
0.044815 673
0.001643 6
0.024426 652
0.038307 673
0.001474 6
0.024096 652
0.084932 12
0.084955 12
0.084053 12
0.086078 12
0.086334 12
0.084932 12
0.086796 12
0.085418 12
0.085050 12
0.086861 12
0.039820 673
0.002948 6
0.035128 1228
0.084956 12
0.122313 2038
0.000585 258
0.004576 19
0.001590 6
0.022478 655
0.084082 12
0.084944 12
0.085877 12
0.085002 12
0.085185 12
0.085000 12
0.086390 12
0.087110 12
0.085161 12
0.085397 12
0.084939 12
0.084148 12
0.085076 12
0.085004 12
0.084997 12
0.084983 12
0.085040 12
0.084931 12
0.086287 12
0.086638 12
0.084974 12
0.084916 12
0.085032 12
0.084136 12
0.085133 12
0.085162 12
0.016938 672
0.001637 6
0.024169 651
0.085023 12
0.085004 12
0.085026 12
0.085986 12
0.084935 12
0.086682 12
0.087017 12
0.086882 12
0.084086 12
0.085051 12
0.091407 672
0.001645 6
0.025126 651
0.085894 12
0.084939 12
0.065858 672
0.001674 6
0.024523 652
0.085060 12
0.084948 12
0.116394 685
0.001683 6
0.031815 652
0.037798 673
0.001527 6
0.024361 652
0.085006 12
0.099375 685
0.001562 6
0.024292 652
0.066504 673
0.001632 6
0.024233 652
0.093431 673
0.001568 6
0.024123 652
0.084969 12
0.084994 12
0.085139 12
0.084977 12
0.085008 12
0.085026 12
0.085039 12
0.085003 12
0.084069 12
0.084993 12
0.084961 12
0.084950 12
0.084931 12
0.085105 12
0.086771 12
0.086688 12
0.086365 12
0.086737 12
0.029740 673
0.010024 1997
0.002197 19
0.001399 6
0.021770 655
0.084981 12
0.084008 12
0.085069 12
0.084948 12
0.084951 12
0.085030 12
0.085028 12
0.084918 12
0.086731 12
0.085332 12
0.085356 12
0.085353 12
0.084143 12
0.085404 12
0.084932 12
0.085613 12
0.085551 12
0.085927 12
0.085744 12
0.087006 12
0.085930 12
0.085765 12
0.085294 12
0.086993 12
0.084378 12
0.084897 12
0.085128 12
0.085392 12
0.085333 12
0.084994 12
0.085009 12
0.085176 12
0.084928 12
0.084971 12
0.084953 12
0.084989 12
0.084272 12
0.084980 12
0.085004 12
0.085990 12
0.085995 12
0.086851 12
0.085257 12
0.085347 12
0.085359 12
0.085433 12
0.085006 12
0.085055 12
0.084543 12
0.085437 12
0.085401 12
0.085359 12
0.085347 12
0.085277 12
0.085021 12
0.086195 12
0.084925 12
0.084994 12
0.084971 12
0.084429 12
0.085235 12
0.085036 12
0.085789 12
0.084944 12
0.085737 12
0.084948 12
0.086618 12
0.086736 12
0.086950 12
0.086777 12
0.115278 684
0.001776 6
0.030883 651
0.028734 672
0.001597 6
0.023700 651
0.085183 12
0.079158 672
0.001561 6
0.023279 652
0.079430 673
0.001497 6
0.023612 652
0.085053 12
0.053918 673
0.001615 6
0.023589 652
0.069608 673
0.001646 6
0.023322 652
0.084920 12
0.084926 12
0.084923 12
0.085185 12
0.084127 12
0.095852 673
0.001792 6
0.023876 1063
0.086168 12
0.084976 12
0.084972 12
0.085537 12
0.085033 12
0.084970 12
0.084989 12
0.085149 12
0.084887 12
0.084113 12
0.085752 12
0.085619 12
0.086590 12
0.030032 673
0.001545 6
0.024228 652
0.085149 12
0.085268 12
0.085280 12
0.092503 673
0.001672 6
0.026594 1013
0.084990 316
0.001845 80
0.085000 12
0.084973 12
0.084138 12
0.085927 12
0.085034 12
0.085841 12
0.084909 12
0.084932 12
0.084897 12
0.084986 12
0.084960 12
0.084949 12
0.085011 12
0.084992 12
0.062729 672
0.001678 6
0.024054 651
0.084936 12
0.084864 12
0.084925 12
0.085024 12
0.084987 12
0.086770 12
0.085287 12
0.085352 12
0.086782 12
0.087036 12
0.084187 12
0.099275 684
0.001611 6
0.023733 1186
0.083709 603
0.003708 88
0.086107 12
0.085653 12
0.084936 12
0.085694 12
0.086492 12
0.084933 12
0.084960 12
0.085006 12
0.084214 12
0.085080 12
0.085036 12
0.085030 12
0.084954 12
0.086196 12
0.084802 12
0.085690 12
0.086183 12
0.086223 12
0.085203 12
0.084938 12
0.084208 12
0.085857 12
0.085960 12
0.086853 12
0.084990 12
0.085076 12
0.084908 12
0.084971 12
0.086821 12
0.084950 12
0.084950 12
0.084981 12
0.084150 12
0.084944 12
0.084910 12
0.085024 12
0.084982 12
0.086916 12
0.086616 12
0.085328 12
0.085319 12
0.085289 12
0.085291 12
0.085311 12
0.084067 12
0.084982 12
0.084982 12
0.059624 672
0.001549 6
0.023705 651
0.097115 672
0.001648 6
0.024230 651
0.036623 672
0.001691 6
0.024213 652
0.085041 12
0.077539 673
0.001835 6
0.037901 652
0.086565 12
0.086921 12
0.085419 12
0.084141 12
0.084970 12
0.084884 12
0.084966 12
0.084914 12
0.085745 12
0.085792 12
0.085032 12
0.085027 12
0.086077 12
0.023917 673
0.001726 6
0.023923 1221
0.105448 686
0.003511 13
1.199778 20
0.236315 6
0.017343 695
0.098707 1
0.001090 12
0.130698 1
0.016574 2047
0.014869 667
0.000705 13
0.427538 46
0.090350 1
0.001033 12
0.151114 1
0.094520 6
0.015756 8
0.000215 62
0.022493 88
1.470674 1
1.149089 1
0.383619 1
0.084885 1
0.105207 1
0.688056 2
0.023138 88
1.811119 6
