0.085866 88
1.543100 1
0.103844 1
0.166996 2
0.001171 29
0.066929 88
0.332990 1
0.100035 1
0.044055 1
0.048033 1
0.222948 1
0.040844 1
0.200090 1
0.079918 1
0.177991 1
0.430207 1
0.096000 2
0.503916 2
0.118946 42
0.001950 54
0.054058 4
0.013963 2030
0.000982 496
2.227981 61
0.271145 102
0.216048 91
3.823904 105
0.168131 92
0.223917 40
0.161001 16
0.021029 16
0.020960 16
0.019949 16
0.021021 16
0.022061 16
1.821047 34
0.423934 13
0.096040 13
0.639944 16
0.004901 18
0.004985 29
0.014101 88
1.216000 1
0.440025 1
0.167985 1
0.167005 1
0.199991 1
0.199903 1
0.185081 1
0.800050 1
0.174839 1
0.233057 1
0.728119 1
0.376003 1
0.224007 1
0.126954 1
0.360048 1
0.672860 1
0.496262 1
0.279917 2
0.108027 88
0.763818 1
0.183986 1
0.176000 1
0.160015 1
0.848101 1
0.184077 1
0.078772 1
0.240036 1
0.071996 1
0.191977 1
0.128126 1
0.152007 1
0.152033 1
0.184046 1
0.111882 1
0.175992 1
0.128007 1
0.176042 1
0.392878 1
0.175065 1
0.905007 2
0.091950 88
1.660067 1
0.071097 1
0.304015 1
0.071954 1
0.209018 1
0.094885 1
0.176924 1
0.247056 2
0.002206 33
0.012708 88
2.906152 1
0.150974 1
0.112076 1
0.080002 1
0.448908 1
0.342952 1
0.128001 1
0.185007 1
0.095222 1
0.216799 1
0.094951 1
0.136130 1
2.089064 2
0.060829 36
0.000965 6
0.882534 1
0.158640 1
0.112004 1
0.280911 1
0.022967 1
1.472059 2
0.000969 149
0.021932 2
0.000961 117
2.184100 1
0.536979 1
0.150995 1
0.528033 1
1.032888 188
4.751149 1
0.183952 1
0.225103 1
0.278926 1
0.143992 1
0.288151 1
0.825038 1
0.174953 1
0.176064 1
0.111894 1
0.176056 1
0.161849 1
0.046151 1
0.240891 1
0.840101 57
2.455031 1
0.144069 1
0.191930 1
0.175988 1
0.103977 1
0.287807 1
0.120130 1
0.183998 1
1.128146 65
0.000796 25
2.039039 1
0.639954 1
4.192079 1
0.095903 1
0.104089 1
0.287998 1
0.152026 1
0.224022 16
1.463916 1
0.136034 1
0.159951 1
0.071958 1
0.080058 1
0.127987 1
0.216086 1
0.183939 16
1.407861 1
0.232120 1
0.135991 1
0.088083 1
0.095940 1
0.128008 1
0.320016 1
0.496081 43
1.623748 1
0.112144 1
0.216027 1
0.111993 1
0.312100 1
0.063875 1
0.064112 1
0.383988 1
0.072010 1
0.551871 122
1.320123 1
0.048035 1
0.127959 1
0.255936 1
0.104146 1
0.383894 1
0.767920 1
2.208076 136
1.079888 1
0.152021 1
0.145014 1
0.094980 1
0.072021 1
0.104000 1
0.175981 1
0.296090 16
2.079944 109
0.951911 1
0.659572 2
0.095350 88
1.493118 1
0.288103 1
0.160008 1
0.095952 1
0.079948 1
0.248025 2
0.013965 88
0.010000 6
