0.137852 88
0.972888 1
0.081379 1
0.142448 2
0.002037 29
0.020812 88
1.980106 1
0.088013 1
0.064884 1
0.047326 1
0.268694 1
0.105084 1
0.245036 1
0.087207 1
0.620177 1
0.101731 1
0.131645 2
0.208215 23
0.000113 27
0.001085 7
0.002127 43
0.000032 10
0.030382 4
0.000172 16
0.011649 2029
0.000290 592
0.000579 12
2.551051 46
0.849029 1
0.000989 12
0.667436 1
0.001012 12
0.216202 1
0.001056 12
0.148740 1
0.001049 12
0.116187 13
0.302286 1
0.001112 12
0.316169 1
0.001021 12
0.205036 13
0.957035 1
0.001010 12
0.251667 1
0.001050 12
0.280181 1
0.001023 12
0.118276 1
0.001048 12
0.705885 1
0.001038 12
0.794789 1
0.001044 12
0.153893 13
0.207662 1
0.001026 12
0.216547 1
0.001081 12
0.090420 13
0.224260 1
0.001082 12
0.091993 1
0.001029 12
0.228587 1
0.001018 12
0.110264 1
0.001023 12
0.636404 1
0.000032 46
0.046770 8
0.000116 52
0.000044 2
0.000021 11
0.000011 9
0.000011 7
0.000021 11
0.000011 1
0.000010 8
0.916934 23
0.002331 2030
0.000658 572
2.219680 23
0.311627 1
0.001034 12
0.167696 1
0.001071 12
0.879185 3
0.000283 17
0.001016 6
1.169993 13
0.524372 1
0.001028 12
0.149224 1
0.001033 12
0.119088 13
0.217854 1
0.001018 12
0.111448 1
0.001060 12
0.251884 1
0.001019 12
0.106159 1
0.001024 12
1.158846 1
0.000169 6
0.000560 8
0.001106 8
0.000019 8
0.002095 8
0.000028 8
0.003095 16
0.004097 16
0.005119 16
0.006100 16
0.007106 16
0.008104 16
0.009115 16
0.010111 16
0.010127 16
0.010125 8
0.000249 52
0.000583 104
0.056641 1
0.001267 34
0.026946 1647
0.001859 13
0.086191 139
0.084982 12
0.084955 12
0.084941 12
0.084887 12
0.084929 12
0.084122 12
0.084904 12
0.084883 12
0.084910 12
0.084934 12
0.085407 12
0.086168 12
0.086176 12
0.085210 12
0.085171 12
0.087040 12
0.084379 12
0.085042 12
0.084950 12
0.087176 12
0.115607 347
0.003936 199
0.116136 344
0.003912 107
0.127244 344
0.003959 104
0.274172 12
0.085993 12
0.086729 12
0.086694 12
0.230606 12
0.324344 12
0.117951 344
0.004063 120
0.163168 12
0.085650 12
0.085558 12
0.102802 344
0.004006 104
0.178206 12
0.177310 344
0.005150 132
0.249426 12
0.085297 12
0.138510 344
0.004094 105
0.141440 12
0.085104 12
0.085027 12
0.086229 12
0.086645 12
0.148632 12
0.086459 12
0.084930 12
0.084079 12
0.084933 12
0.084966 12
0.084900 12
0.084896 12
0.086435 12
0.086392 12
0.086451 12
0.086503 12
0.085548 12
0.085329 12
0.086759 12
0.084138 12
0.085398 12
0.062325 674
0.001591 6
0.022359 656
0.085818 12
0.043982 677
0.001720 6
0.037132 656
0.086752 12
0.111317 677
0.001622 6
0.030511 657
0.086518 12
0.046702 678
0.001589 6
0.030556 657
0.043697 678
0.001566 6
0.022810 657
0.085793 12
0.085741 12
0.085330 12
0.085387 12
0.085368 12
0.086734 12
0.084972 12
0.084879 12
0.084924 12
0.084906 12
0.057699 678
0.001903 6
0.026995 835
0.084953 12
0.119899 2044
0.000626 204
0.004236 19
0.001483 6
0.025935 655
0.085022 12
0.086395 12
0.084937 12
0.086068 12
0.084936 12
0.084969 12
0.084982 12
0.084964 12
0.084911 12
0.084976 12
0.086048 12
0.085515 12
0.086731 12
0.086766 12
0.086834 12
0.086663 12
0.085631 12
0.085768 12
0.085794 12
0.085769 12
0.085856 12
0.086794 12
0.084477 12
0.085313 12
0.085334 12
0.085319 12
0.085475 12
0.084974 12
0.084992 12
0.077269 674
0.001481 6
0.023571 653
0.049731 674
0.001642 6
0.023801 653
0.085797 12
0.084959 12
0.069475 674
0.001646 6
0.023384 654
0.084133 12
0.036716 675
0.001544 6
0.023215 654
0.084972 12
0.087397 675
0.001535 6
0.024299 654
0.084941 12
0.084936 12
0.070298 675
0.001553 6
0.024122 654
0.085000 12
0.085899 12
0.086798 12
0.086654 12
0.084598 12
0.085009 12
0.084969 12
0.084754 675
0.002005 6
0.024158 674
0.084974 12
0.085368 12
0.086311 12
0.086248 12
0.086065 12
0.084943 12
0.086272 12
0.084939 12
0.084186 12
0.084992 12
0.084919 12
0.085753 12
0.076406 672
0.001609 6
0.032405 651
0.035021 672
0.001516 6
0.023962 651
0.085717 12
0.086131 12
0.079674 672
0.001547 6
0.023949 652
0.084931 12
0.086059 12
0.084115 12
0.085032 12
0.084998 12
0.084975 12
0.084978 12
0.105224 685
0.001643 6
0.024056 652
0.090988 673
0.001718 6
0.032567 652
0.086504 12
0.086713 12
0.032579 673
0.001642 6
0.032012 652
0.024635 673
0.001535 6
0.023167 652
0.089065 673
0.001530 6
0.023438 652
0.084982 12
0.084867 12
0.085005 12
0.085010 12
0.085237 12
0.085819 12
0.054055 673
0.001605 6
0.026323 906
0.084997 12
0.084980 12
0.084980 12
0.084971 12
0.084066 12
0.084965 12
0.084963 12
0.084975 12
0.084947 12
0.084956 12
0.084970 12
0.084974 12
0.084969 12
0.084955 12
0.084972 12
0.084972 12
0.084018 12
0.084951 12
0.084956 12
0.084542 76
0.002040 51
0.084595 165
0.001802 79
0.084868 12
0.086772 12
0.086682 12
0.085268 12
0.085376 12
0.085326 12
0.087121 12
0.084529 12
0.084927 12
0.085621 12
0.086969 12
0.086792 12
0.086449 12
0.087004 12
0.086786 12
0.086736 12
0.086704 12
0.086718 12
0.085559 12
0.086793 12
0.086762 12
0.086752 12
0.085658 12
0.084820 12
0.084918 12
0.084940 12
0.086279 12
0.086266 12
0.102550 672
0.001648 6
0.031466 651
0.084230 12
0.084976 12
0.084885 12
0.084931 12
0.084836 12
0.085910 12
0.084984 12
0.084896 12
0.085009 12
0.071375 672
0.004286 6
0.026094 1070
0.084970 12
0.084986 12
0.084159 12
0.084946 12
0.085060 12
0.084943 12
0.085001 12
0.084949 12
0.084971 12
0.084992 12
0.084948 12
0.084967 12
0.084994 12
0.084972 12
0.085496 12
0.086240 12
0.086289 12
0.086753 12
0.086747 12
0.085318 12
0.085436 12
0.085341 12
0.085351 12
0.085400 12
0.085593 12
0.084143 12
0.084873 12
0.084995 12
0.084986 12
0.084943 12
0.084976 12
0.084971 12
0.084891 12
0.084978 12
0.084955 12
0.086261 12
0.067969 672
0.001509 6
0.024332 651
0.023875 672
0.001530 6
0.024117 651
0.085072 12
0.085007 12
0.104950 684
0.001623 6
0.024049 652
0.083355 673
0.001662 6
0.024169 652
0.036822 673
0.001567 6
0.024165 652
0.084986 12
0.084892 12
0.066841 673
0.001574 6
0.024733 652
0.085024 12
0.078604 673
0.001506 6
0.024937 652
0.084225 12
0.091543 673
0.001800 6
0.041970 652
0.085344 12
0.062277 673
0.001552 6
0.023364 652
0.100982 673
0.001519 6
0.025191 652
0.084885 12
0.084927 12
0.060855 673
0.001504 6
0.023515 652
0.084952 12
0.086031 12
0.085031 12
0.084151 12
0.084869 12
0.053791 673
0.001577 6
0.023445 656
0.084879 12
0.085018 12
0.084941 12
0.084891 12
0.084897 12
0.084988 12
0.086253 12
0.086818 12
0.069756 673
0.001631 6
0.025459 1015
0.084066 12
0.104319 1027
0.004344 19
0.001473 6
0.021268 655
0.084934 12
0.084970 12
0.084924 12
0.084918 12
0.086247 12
0.086224 12
0.085423 12
0.086893 12
0.085306 12
0.086063 12
0.086916 12
0.086739 12
0.084907 12
0.085907 12
0.084946 12
0.085975 12
0.085911 12
0.086467 12
0.085372 12
0.085279 12
0.086065 12
0.086784 12
0.086767 12
0.086693 12
0.086883 12
0.085589 12
0.085294 12
0.087121 12
0.086792 12
0.086726 12
0.085542 12
0.084869 12
0.084167 12
0.084958 12
0.086246 12
0.086373 12
0.086701 12
0.084951 12
0.085366 12
0.085341 12
0.086832 12
0.087070 12
0.093771 672
0.001532 6
0.023886 651
0.084123 12
0.042377 672
0.001633 6
0.023320 651
0.085022 12
0.084952 12
0.089181 672
0.001517 6
0.023663 652
0.084957 12
0.038448 673
0.001640 6
0.023465 652
0.085800 12
0.085844 12
0.086248 12
0.086907 12
0.085432 12
0.084502 12
0.085500 12
0.085336 12
0.085329 12
0.085299 12
0.085273 12
0.085231 12
0.084953 12
0.085273 12
0.086588 12
0.084951 12
0.086147 12
0.085086 12
0.084932 12
0.084910 12
0.084887 12
0.084860 12
0.084961 12
0.023539 673
0.001464 6
0.025378 963
0.084941 12
0.104169 982
0.004579 19
0.001473 6
0.021250 655
0.085004 12
0.084867 12
0.084176 12
0.084971 12
0.085004 12
0.084993 12
0.084981 12
0.084938 12
0.085003 12
0.084898 12
0.085064 12
0.016348 672
0.001538 6
0.023398 651
0.084932 12
0.076601 672
0.001804 6
0.031304 651
0.090012 672
0.001496 6
0.023893 652
0.084911 12
0.084893 12
0.085740 12
0.062110 673
0.001636 6
0.024558 652
0.035899 673
0.001509 6
0.024465 652
0.084884 12
0.085003 12
0.066775 673
0.001510 6
0.024513 652
0.085749 12
0.042688 673
0.001723 6
0.035128 652
0.084983 12
0.084104 12
0.084923 12
0.084958 12
0.085516 12
0.085430 12
0.086038 12
0.086204 12
0.086238 12
0.086306 12
0.050684 673
0.001710 6
0.023830 651
0.086747 12
0.085321 12
0.081747 673
0.001634 6
0.023485 652
0.085711 12
0.085786 12
0.086755 12
0.086731 12
0.085329 12
0.085354 12
0.085340 12
0.085311 12
0.085322 12
0.085021 12
0.084156 12
0.085225 12
0.084963 12
0.086217 12
0.086628 12
0.086679 12
0.088490 673
0.002278 6
0.026068 886
0.085023 12
0.084933 12
0.084967 12
0.084964 12
0.085009 12
0.084228 12
0.084952 12
0.084988 12
0.084939 12
0.084905 12
0.085741 12
0.085899 12
0.084965 12
0.084969 12
0.084983 12
0.086406 12
0.084081 12
0.084985 12
0.084917 12
0.086259 12
0.084929 12
0.084994 12
0.084981 12
0.084983 12
0.084963 12
0.084985 12
0.086782 12
0.085339 12
0.045364 672
0.001622 6
0.024430 651
0.082727 672
0.001689 6
0.023362 651
0.087589 672
0.001536 6
0.023494 652
0.085012 12
0.038554 673
0.001668 6
0.023452 652
0.084998 12
0.086222 12
0.086230 12
0.086387 12
0.086737 12
0.074150 673
0.010988 774
0.002557 19
0.001499 6
0.021698 655
0.084188 12
0.084962 12
0.084987 12
0.084929 12
0.084999 12
0.085033 12
0.085122 12
0.085064 12
0.084936 12
0.084940 12
0.084962 12
0.084927 12
0.084162 12
0.084958 12
0.084968 12
0.084982 12
0.084987 12
0.085101 12
0.016233 672
0.008429 641
0.002145 19
0.001400 6
0.022516 655
0.084950 12
0.084939 12
0.086195 12
0.084180 672
0.011764 635
0.002468 19
0.001566 6
0.023269 655
0.084941 12
0.084164 12
0.084977 12
0.037365 672
0.008518 556
0.002323 19
0.001413 6
0.021348 655
0.085505 12
0.084949 12
0.088641 672
0.008497 565
0.002169 19
0.001422 6
0.021285 655
0.084976 12
0.084966 12
0.084883 12
0.098708 684
0.008287 521
0.002196 19
0.001428 6
0.021224 655
0.084966 12
0.084122 12
0.084955 12
0.084952 12
0.084954 12
0.084934 12
0.085006 12
0.072556 672
0.008278 1791
0.002241 19
0.001428 6
0.026933 655
0.084925 12
0.084970 12
0.085024 12
0.084911 12
0.084187 12
0.084970 12
0.086087 12
0.085723 12
0.086188 12
0.085560 12
0.086577 12
0.086848 12
0.086751 12
0.086763 12
0.086474 12
0.085283 12
0.084552 12
0.087127 12
0.086930 12
0.086703 12
0.086831 12
0.086677 12
0.086862 12
0.086782 12
0.106704 672
0.010867 1415
0.002391 19
0.001401 6
0.021551 655
0.085980 12
0.084968 12
0.084069 12
0.084877 12
0.085060 12
0.084940 12
0.084977 12
0.084962 12
0.085004 12
0.085019 12
0.084968 12
0.086263 12
0.086652 12
0.086490 12
0.086867 12
0.086737 12
0.084987 12
0.085292 12
0.084891 12
0.086046 12
0.086765 12
0.085357 12
0.086795 12
0.086732 12
0.086061 12
0.085732 12
0.086777 12
0.086783 12
0.086759 12
0.086074 12
0.086473 12
0.086791 12
0.086844 12
0.086749 12
0.086735 12
0.086255 12
0.084927 12
0.084149 12
0.084962 12
0.084982 12
0.085051 12
0.084974 12
0.087061 12
0.086530 12
0.085295 12
0.086700 12
0.086822 12
0.086675 12
0.084469 12
0.034406 672
0.001564 6
0.023875 651
0.084942 12
0.030122 672
0.001572 6
0.023430 651
0.084991 12
0.073958 672
0.001530 6
0.023450 652
0.085500 12
0.085579 12
0.086578 12
0.045985 673
0.001641 6
0.030749 652
0.120149 673
0.002065 6
0.044011 652
0.084937 12
0.056109 673
0.001713 6
0.023657 652
0.084981 12
0.084965 12
0.084988 12
0.034770 673
0.001523 6
0.023028 652
0.085000 12
0.084908 12
0.084945 12
0.084958 12
0.084991 12
0.086238 12
0.084951 12
0.083988 12
0.084877 12
0.076931 673
0.001652 6
0.023178 652
0.085009 12
0.085259 12
0.084963 12
0.031099 673
0.001653 6
0.023187 652
0.067698 673
0.001564 6
0.023697 652
0.084996 12
0.085010 12
0.078700 673
0.001657 6
0.023126 652
0.086289 673
0.001515 6
0.023470 652
0.085024 12
0.085010 12
0.084867 12
0.085993 12
0.085903 12
0.086472 12
0.082460 673
0.011242 1344
0.002357 19
0.001411 6
0.021756 655
0.084997 12
0.084917 12
0.084970 12
0.084325 12
0.084975 12
0.084936 12
0.070254 672
0.001573 6
0.023944 663
0.084967 12
0.085009 12
0.084950 12
0.084947 12
0.084956 12
0.084958 12
0.068390 673
0.011962 1630
0.002272 19
0.001418 6
0.026778 655
0.084908 12
0.084123 12
0.084951 12
0.084963 12
0.084949 12
0.085000 12
0.084980 12
0.084991 12
0.084955 12
0.084935 12
0.084961 12
0.086684 12
0.085350 12
0.085349 12
0.085372 12
0.086839 12
0.067160 672
0.011915 528
0.002391 19
0.001438 6
0.023193 655
0.085005 12
0.084965 12
0.084968 12
0.041864 672
0.008551 498
0.002222 19
0.001437 6
0.023432 655
0.084997 12
0.084956 12
0.085712 12
0.083457 672
0.008562 573
0.002152 19
0.001372 6
0.022892 655
0.085012 12
0.084968 12
0.084979 12
0.086112 12
0.086260 12
0.076375 672
0.014152 520
0.002325 19
0.001447 6
0.023110 655
0.084940 12
0.084953 12
0.085795 12
0.085266 12
0.084548 12
0.086758 12
0.065111 672
0.009818 565
0.002241 19
0.001375 6
0.021193 655
0.084908 12
0.084973 12
0.084828 12
0.085020 12
0.085023 12
0.084954 12
0.086250 12
0.086767 12
0.085316 12
0.084921 12
0.086827 12
0.086782 12
0.086739 12
0.086756 12
0.086783 12
0.086754 12
0.086736 12
0.086788 12
0.086444 12
0.088617 672
0.011945 524
0.002278 19
0.001393 6
0.021971 655
0.084203 12
0.084993 12
0.084978 12
0.084854 12
0.085003 12
0.085497 12
0.086246 12
0.086816 12
0.087068 12
0.086733 12
0.085287 12
0.084468 12
0.085306 12
0.085375 12
0.086810 12
0.086848 12
0.086707 12
0.085381 12
0.085346 12
0.086969 12
0.086779 12
0.086717 12
0.085307 12
0.084511 12
0.085426 12
0.085352 12
0.087337 12
0.084935 12
0.084929 12
0.084873 12
0.084843 12
0.084956 12
0.084911 12
0.084918 12
0.084953 12
0.084148 12
0.085381 12
0.085574 12
0.086639 12
0.086927 12
0.101207 672
0.001526 6
0.024491 651
0.094725 672
0.001502 6
0.023460 651
0.084912 12
0.085867 12
0.066061 672
0.001591 6
0.031772 652
0.084052 12
0.021260 673
0.001536 6
0.023262 652
0.084962 12
0.063924 673
0.001731 6
0.023474 831
0.085778 12
0.085658 12
0.085701 12
0.085693 12
0.086829 12
0.085244 12
0.085340 12
0.086813 12
0.076811 673
0.001579 6
0.023564 652
0.085242 12
0.085269 12
0.085356 12
0.058665 673
0.001724 6
0.023998 827
0.083911 1260
0.003654 55
0.085008 12
0.084892 12
0.084908 12
0.084891 12
0.085732 12
0.085337 12
0.059601 20
0.226266 6
0.021723 695
0.274062 1
0.001065 12
0.584924 1
0.022175 1653
0.000735 13
0.497815 46
0.143856 1
0.001038 12
0.207167 1
0.025100 6
0.030790 8
0.000104 45
0.000026 3
0.019185 88
0.935497 1
0.583368 1
0.290970 1
0.275642 1
0.499217 4
0.147058 4
0.472300 1
0.071975 1
0.056159 1
0.293055 2
0.018409 88
0.756057 6
