0.337831 175
1.324366 1
0.079662 1
0.119261 1
0.156999 1
0.183813 1
0.244426 1
0.913119 1
0.274346 1
0.243231 1
0.131512 1
0.568928 1
0.365492 1
0.207614 1
0.145459 1
0.600669 2
0.073510 175
0.714367 1
0.067696 1
0.090403 1
0.556870 1
0.157647 1
0.181517 7
0.259045 2
0.075785 237
1.194884 1
0.146360 1
0.112448 1
0.146092 1
0.280054 1
0.064364 1
0.151235 1
0.126981 1
0.924158 2
0.006541 57
0.072303 237
1.824605 1
0.149353 1
0.358615 1
0.309191 1
0.162245 1
0.251427 2
0.001610 53
0.078497 237
5.054629 1
0.240835 1
0.131560 1
0.059210 1
0.173249 1
0.811661 1
0.145025 1
1.284072 4
0.705840 1
0.238030 1
0.464847 1
0.217866 1
0.228948 1
0.211404 1
0.258748 1
0.531428 1
0.881209 1
0.536772 1
0.073032 1
0.181913 1
0.089985 1
0.154580 1
0.128729 1
0.712361 1
0.555155 1
0.054575 1
0.170661 1
0.873169 1
0.141407 1
0.100580 1
0.810110 1
0.385298 1
0.108405 1
0.203870 1
0.462580 1
0.180071 1
0.081821 1
0.254736 1
0.083087 1
0.110788 1
0.318579 1
0.441117 1
0.228503 1
0.729613 1
0.151017 1
0.434756 1
0.061771 1
0.096806 1
0.113380 1
0.444849 1
0.074062 1
0.258480 1
0.343501 1
0.096828 1
0.814910 2
0.080940 237
1.455880 1
0.069163 1
0.105674 1
0.092440 1
0.015791 1
0.217837 1
0.083603 1
0.164406 8
0.384714 2
0.000829 35
0.081258 237
2.701730 1
0.112227 1
0.106570 1
0.141092 1
0.218242 1
0.172801 1
0.090910 1
0.101148 1
0.273800 1
0.097315 1
0.510008 2
0.001630 146
0.000013 78
0.077946 237
3.800501 1
0.200317 1
0.165720 1
0.367856 1
1.211173 1
0.349941 1
0.176450 1
0.218684 1
0.470458 1
0.094746 1
0.077662 1
0.132002 1
0.143644 6
0.720288 2
0.077062 237
0.985541 1
0.133282 1
0.122236 1
0.130829 1
0.261832 1
0.194186 1
0.077936 1
0.123273 1
0.343592 1
0.169320 1
0.433545 2
0.003163 148
0.092439 237
3.588368 1
0.112359 1
0.141811 1
0.147272 1
0.435277 1
0.138543 1
0.298492 1
0.152144 1
0.232958 1
0.113967 1
0.275362 1
0.622507 1
0.261192 1
0.172965 1
0.515895 1
0.546681 1
0.262705 1
0.112807 1
0.625210 4
0.173411 4
0.144127 4
0.530962 1
0.360883 1
0.212374 1
0.239849 1
0.162485 1
0.089833 1
0.178771 1
0.138905 1
1.072289 1
0.225996 1
0.286407 1
0.230824 1
0.190074 1
0.071841 1
0.791495 1
0.293824 1
0.097309 1
1.120486 1
1.277625 2
0.004872 50
0.000039 64
0.069885 237
0.925185 1
0.113947 1
0.095155 1
0.125557 1
0.181815 1
0.129459 1
0.101995 1
0.072408 1
0.226669 1
0.114654 1
0.422692 2
0.003367 57
0.071174 237
6.589093 1
0.192165 1
0.134977 1
0.209068 1
0.214638 1
0.157253 1
0.190488 1
0.290306 2
0.005449 8
0.000095 183
0.000021 11
0.092219 237
7.212709 1
0.089163 1
0.050410 1
0.336787 1
1.193715 1
0.180227 1
0.141172 1
0.056669 1
0.610877 1
1.264527 1
0.140187 1
0.143233 1
0.239992 2
0.095312 50
0.001016 7
0.001500 82
0.008055 4
0.000854 2047
0.000040 773
0.001685 35
0.000037 13
0.000015 12
1.380512 43
0.002053 38
1.669548 88
0.000071 18
0.225454 46
0.065328 46
0.109829 46
0.125832 46
0.069391 46
0.100750 46
0.065222 46
0.125234 35
0.871410 70
0.268501 47
0.116877 47
0.103132 47
0.271758 47
0.067423 47
0.425368 67
0.263502 57
0.595205 54
1.039997 46
0.073367 46
0.140400 63
0.106818 34
0.193015 46
0.137063 46
0.120904 46
0.058100 46
0.682962 47
0.268447 47
0.064223 47
0.172232 65
0.126527 35
0.243520 47
0.125722 47
0.219447 47
0.145482 47
0.410169 47
0.084800 36
0.847544 47
0.091777 47
0.179617 47
0.109978 67
1.063169 47
0.158560 47
0.312048 35
0.107588 47
0.196893 47
0.247348 48
0.155981 47
0.987277 68
0.453702 74
0.179047 47
0.196816 60
0.261667 65
0.573671 34
0.240504 50
0.001359 48
4.037073 46
0.177001 46
0.153483 46
0.067132 46
0.125696 46
0.181243 46
0.280718 47
0.580262 58
1.393477 55
0.296467 55
0.083834 55
0.151768 55
0.137029 55
0.221799 55
0.143104 55
0.122962 55
0.120846 56
0.106474 55
0.107159 55
1.091071 55
0.275088 55
0.440339 58
0.645353 71
0.465118 61
0.582042 61
0.479131 58
0.321564 68
0.378519 60
0.540677 32
0.001701 39
0.716899 46
0.049487 46
0.236707 46
0.024389 46
0.680794 46
0.057212 62
0.189128 35
0.677768 55
0.518759 47
0.371655 20
0.235946 6
0.000546 54
0.001031 12
0.369777 1
0.001064 18
0.075403 1
0.001040 18
0.130011 1
0.000035 6
0.001029 16
0.000024 10
0.007295 22
0.001664 30
0.001043 27
0.080368 237
1.289969 1
0.484695 1
0.187244 1
0.307630 1
0.335764 1
0.363017 4
0.258712 1
0.100651 1
0.116663 1
0.104217 6
0.843783 1
0.246326 1
0.200438 1
0.173916 1
0.154317 1
0.087534 1
0.069385 1
0.315694 2
0.086476 174
0.073886 237
1.976890 1
0.118649 1
0.073416 1
0.152558 1
0.158298 1
0.113324 1
0.165530 7
0.458918 2
0.083390 23
0.000067 27
0.000993 7
0.001580 71
0.000050 8
0.006097 4
0.001901 2047
0.000207 111
0.000034 13
0.000013 18
0.001055 2047
0.000053 327
0.794555 43
0.002131 36
0.397454 35
0.361072 114
0.319744 56
0.393676 20
0.603751 6
0.000187 54
0.001036 12
0.193967 1
0.001085 18
0.092340 1
0.001023 18
0.178722 1
0.000022 6
0.001031 16
0.000015 10
0.007743 16
0.001208 30
0.001005 27
0.071419 237
0.238504 13
0.173716 33
0.213954 2
0.169696 237
0.895608 1
0.049657 1
0.235620 1
0.112581 1
0.108390 1
0.233214 2
0.206515 2
0.001213 15
0.073349 237
2.134088 1
0.162869 1
0.110261 1
0.122599 1
0.229570 1
0.142620 1
0.100873 1
0.077938 1
0.233708 1
0.087185 1
0.228286 2
0.002724 102
0.000020 36
0.000010 80
0.075995 237
2.040600 1
0.129708 1
0.108423 1
0.254708 1
0.111707 1
0.117323 1
0.058945 1
1.019822 2
0.078178 237
1.257407 1
0.160225 1
0.121801 1
0.117512 1
0.261474 1
0.161865 1
0.068601 1
0.110097 1
0.216572 1
0.108043 1
0.351316 2
0.001369 104
0.000009 19
0.000003 2
0.000021 78
0.077122 237
1.501266 1
0.154804 1
0.182421 1
0.163438 1
0.583094 1
0.253972 1
0.149739 1
0.086921 1
0.165373 1
0.122890 1
0.091782 1
0.055111 1
0.539246 1
0.190742 1
0.129867 1
0.131773 1
0.192240 2
0.086877 237
0.703328 1
0.092554 1
0.116562 1
0.088627 1
0.381523 1
0.091370 1
0.492815 4
0.152793 4
0.331289 1
0.234460 1
0.107873 1
0.045316 1
0.203324 1
0.121603 1
0.326359 2
0.003799 44
0.000154 82
0.075082 237
1.172205 1
0.115010 1
0.113715 1
0.118536 1
0.194329 1
0.065103 1
0.186846 1
0.156599 1
0.105577 1
0.137009 1
0.963043 1
0.176751 1
0.591889 1
0.152563 1
0.463617 1
1.164945 1
0.448369 1
0.256849 1
0.191118 1
0.430887 1
0.280833 1
0.478154 1
0.124220 1
0.083702 1
0.076384 1
0.374301 1
0.132641 1
0.204289 1
0.146483 1
0.589737 1
1.175022 2
0.005060 33
0.000129 64
0.073859 237
0.893487 1
0.115846 1
0.104094 1
0.135351 1
0.179519 1
0.150669 1
0.086943 1
0.076751 1
0.216103 1
0.122030 1
0.172950 2
0.004348 57
0.093597 237
0.741660 1
0.097111 1
0.128690 1
0.489463 1
0.240062 1
0.197417 1
0.110128 1
1.424933 2
0.002959 8
0.000062 155
0.000011 23
0.000031 190
0.000022 11
0.094679 237
1.201456 7
0.462755 1
0.314640 1
0.105580 1
0.405193 1
0.112857 1
0.294754 1
0.118224 1
0.968039 1
0.655809 2
0.002102 8
0.000045 430
0.000016 11
0.077694 237
5.072463 6
